<TICKER>;<PER>;<DATE>;<TIME>;<OPEN>;<HIGH>;<LOW>;<CLOSE>;<VOL>;<OPENINT>
+МосЭнерго;D;010321;000000;2.1705;2.2;2.17;2.1885;10225000;0
+МосЭнерго;D;020321;000000;2.1895;2.1895;2.148;2.156;7949000;0
+МосЭнерго;D;030321;000000;2.158;2.1825;2.1575;2.175;7854000;0
+МосЭнерго;D;040321;000000;2.1805;2.1815;2.1525;2.17;12488000;0
+МосЭнерго;D;050321;000000;2.1515;2.1795;2.1515;2.177;9495000;0
+МосЭнерго;D;090321;000000;2.175;2.216;2.175;2.2;18320000;0
+МосЭнерго;D;100321;000000;2.21;2.216;2.1905;2.2045;4669000;0
+МосЭнерго;D;110321;000000;2.1845;2.2065;2.1845;2.1965;7264000;0
+МосЭнерго;D;120321;000000;2.208;2.208;2.19;2.204;5790000;0
+МосЭнерго;D;150321;000000;2.2185;2.2185;2.1955;2.1965;6885000;0
+МосЭнерго;D;160321;000000;2.213;2.213;2.19;2.205;6387000;0
+МосЭнерго;D;170321;000000;2.21;2.21;2.1605;2.175;24256000;0
+МосЭнерго;D;180321;000000;2.189;2.197;2.17;2.17;12632000;0
+МосЭнерго;D;190321;000000;2.18;2.1945;2.1505;2.1505;36815000;0
+МосЭнерго;D;220321;000000;2.15;2.1775;2.1255;2.151;6897000;0
+МосЭнерго;D;230321;000000;2.152;2.16;2.1435;2.16;7283000;0
+МосЭнерго;D;240321;000000;2.1475;2.1675;2.1395;2.1555;4516000;0
+МосЭнерго;D;250321;000000;2.16;2.194;2.155;2.18;4766000;0
+МосЭнерго;D;260321;000000;2.18;2.2085;2.168;2.2025;13889000;0
+МосЭнерго;D;290321;000000;2.2005;2.255;2.192;2.255;26770000;0
+МосЭнерго;D;300321;000000;2.2475;2.281;2.242;2.281;16182000;0
+МосЭнерго;D;310321;000000;2.271;2.283;2.26;2.28;9543000;0
+МосЭнерго;D;010421;000000;2.28;2.29;2.2655;2.27;13275000;0
+МосЭнерго;D;020421;000000;2.28;2.28;2.243;2.2605;7396000;0
+МосЭнерго;D;050421;000000;2.263;2.28;2.2605;2.2745;3880000;0
+МосЭнерго;D;060421;000000;2.2865;2.2995;2.24;2.259;11670000;0
+МосЭнерго;D;070421;000000;2.259;2.2615;2.229;2.2595;5295000;0
+МосЭнерго;D;080421;000000;2.2725;2.2775;2.2555;2.2745;6116000;0
+МосЭнерго;D;090421;000000;2.2775;2.2775;2.25;2.2645;7208000;0
+МосЭнерго;D;120421;000000;2.2565;2.2765;2.256;2.2655;2643000;0
+МосЭнерго;D;130421;000000;2.2765;2.2885;2.25;2.26;5246000;0
+МосЭнерго;D;140421;000000;2.267;2.285;2.2485;2.279;9774000;0
+МосЭнерго;D;150421;000000;2.278;2.2785;2.23;2.263;5843000;0
+МосЭнерго;D;160421;000000;2.241;2.261;2.241;2.2525;5366000;0
+МосЭнерго;D;190421;000000;2.2525;2.272;2.2425;2.26;4420000;0
+МосЭнерго;D;200421;000000;2.261;2.2895;2.257;2.2755;10029000;0
+МосЭнерго;D;210421;000000;2.2745;2.31;2.2725;2.2815;13878000;0
+МосЭнерго;D;220421;000000;2.28;2.3085;2.27;2.2735;5158000;0
+МосЭнерго;D;230421;000000;2.27;2.288;2.26;2.2825;6060000;0
+МосЭнерго;D;260421;000000;2.285;2.289;2.2505;2.2625;7559000;0
+МосЭнерго;D;270421;000000;2.256;2.2755;2.241;2.2505;4244000;0
+МосЭнерго;D;280421;000000;2.245;2.249;2.2265;2.2375;6241000;0
+МосЭнерго;D;290421;000000;2.231;2.25;2.214;2.215;5312000;0
+МосЭнерго;D;300421;000000;2.215;2.271;2.2125;2.23;23212000;0
+МосЭнерго;D;040521;000000;2.227;2.27;2.225;2.247;3088000;0
+МосЭнерго;D;050521;000000;2.2535;2.2755;2.2465;2.26;8146000;0
+МосЭнерго;D;060521;000000;2.266;2.2765;2.259;2.266;4092000;0
+МосЭнерго;D;070521;000000;2.2485;2.29;2.2485;2.2855;6360000;0
+МосЭнерго;D;100521;000000;2.29;2.3495;2.271;2.287;8892000;0
+МосЭнерго;D;110521;000000;2.278;2.3165;2.261;2.3;8354000;0
+МосЭнерго;D;120521;000000;2.3045;2.3195;2.2415;2.243;8614000;0
+МосЭнерго;D;130521;000000;2.24;2.2745;2.215;2.215;8950000;0
+МосЭнерго;D;140521;000000;2.2155;2.26;2.206;2.21;17491000;0
+МосЭнерго;D;170521;000000;2.21;2.2395;2.192;2.195;28856000;0
+МосЭнерго;D;180521;000000;2.1925;2.279;2.1925;2.259;11148000;0
+МосЭнерго;D;190521;000000;2.259;2.265;2.21;2.2125;4869000;0
+МосЭнерго;D;200521;000000;2.236;2.2375;2.2125;2.215;2078000;0
+МосЭнерго;D;210521;000000;2.21;2.2395;2.2075;2.237;2344000;0
+МосЭнерго;D;240521;000000;2.24;2.2765;2.2315;2.271;11024000;0
+МосЭнерго;D;250521;000000;2.295;2.295;2.26;2.2645;6901000;0
+МосЭнерго;D;260521;000000;2.2645;2.337;2.261;2.305;46591000;0
+МосЭнерго;D;270521;000000;2.313;2.4215;2.2995;2.4215;32338000;0
+МосЭнерго;D;280521;000000;2.3975;2.4165;2.3455;2.352;19249000;0
+МосЭнерго;D;310521;000000;2.36;2.42;2.353;2.391;18130000;0
+МосЭнерго;D;010621;000000;2.407;2.414;2.3895;2.4045;10629000;0
+МосЭнерго;D;020621;000000;2.4;2.412;2.3955;2.412;6200000;0
+МосЭнерго;D;030621;000000;2.412;2.43;2.392;2.4075;13348000;0
+МосЭнерго;D;040621;000000;2.4115;2.426;2.396;2.42;5567000;0
+МосЭнерго;D;070621;000000;2.4265;2.454;2.416;2.4495;11133000;0
+МосЭнерго;D;080621;000000;2.46;2.4655;2.428;2.43;8499000;0
+МосЭнерго;D;090621;000000;2.4505;2.4505;2.4225;2.423;6867000;0
+МосЭнерго;D;100621;000000;2.432;2.46;2.4245;2.45;4973000;0
+МосЭнерго;D;110621;000000;2.46;2.46;2.4405;2.4535;5161000;0
+МосЭнерго;D;140621;000000;2.468;2.469;2.4525;2.456;3628000;0
+МосЭнерго;D;150621;000000;2.465;2.469;2.431;2.443;9147000;0
+МосЭнерго;D;160621;000000;2.4585;2.4585;2.429;2.4305;5210000;0
+МосЭнерго;D;170621;000000;2.4305;2.458;2.426;2.426;4614000;0
+МосЭнерго;D;180621;000000;2.4455;2.4455;2.309;2.309;50343000;0
+МосЭнерго;D;210621;000000;2.3315;2.3325;2.293;2.313;23993000;0
+МосЭнерго;D;220621;000000;2.3195;2.38;2.3195;2.377;12205000;0
+МосЭнерго;D;230621;000000;2.3885;2.398;2.35;2.35;12015000;0
+МосЭнерго;D;240621;000000;2.361;2.383;2.34;2.3615;11732000;0
+МосЭнерго;D;250621;000000;2.37;2.412;2.351;2.3855;11452000;0
AGRO-гдр;D;010321;000000;896.4;900;891.2;898.6;152447;0
AGRO-гдр;D;020321;000000;900;923.6;896;898;308726;0
AGRO-гдр;D;030321;000000;899.8;917.8;899.8;908.6;265242;0
AGRO-гдр;D;040321;000000;910.8;915;901;903.6;183140;0
AGRO-гдр;D;050321;000000;905;908.2;891;896.8;201474;0
AGRO-гдр;D;090321;000000;901;914.8;899.6;910.2;159020;0
AGRO-гдр;D;100321;000000;910.2;915;878;903;216671;0
AGRO-гдр;D;110321;000000;905;909;897.4;900;171071;0
AGRO-гдр;D;120321;000000;903;918.2;897;899;258608;0
AGRO-гдр;D;150321;000000;904;913.4;891.4;899;1181801;0
AGRO-гдр;D;160321;000000;902.4;910;880.4;884.6;765435;0
AGRO-гдр;D;170321;000000;888;894;872;884.8;460245;0
AGRO-гдр;D;180321;000000;889.6;910.8;882;900.4;444808;0
AGRO-гдр;D;190321;000000;902;910;891.4;908.2;285595;0
AGRO-гдр;D;220321;000000;910;934.4;908.6;927.8;437355;0
AGRO-гдр;D;230321;000000;929.2;940;905;920;611642;0
AGRO-гдр;D;240321;000000;921;929;911.6;924;203344;0
AGRO-гдр;D;250321;000000;924;926;916.4;917;203305;0
AGRO-гдр;D;260321;000000;918;921.2;907;914.4;239679;0
AGRO-гдр;D;290321;000000;914.4;929.4;911.2;919.4;292401;0
AGRO-гдр;D;300321;000000;922.4;923.2;916;922;193060;0
AGRO-гдр;D;310321;000000;921.2;922;911.6;915.4;281427;0
AGRO-гдр;D;010421;000000;915.2;928.4;915.2;925;179166;0
AGRO-гдр;D;020421;000000;925.6;939;924.8;937.8;182890;0
AGRO-гдр;D;050421;000000;938.4;957;938.4;956.8;326508;0
AGRO-гдр;D;060421;000000;960;969;933.6;945;402769;0
AGRO-гдр;D;070421;000000;945;956;928.2;946.8;272526;0
AGRO-гдр;D;080421;000000;950;954;935.8;940.2;236238;0
AGRO-гдр;D;090421;000000;940.2;948;937.6;940;201074;0
AGRO-гдр;D;120421;000000;949;949.8;940;942.8;257760;0
AGRO-гдр;D;130421;000000;943;948;940;940;301474;0
AGRO-гдр;D;140421;000000;940.4;955;916.4;928;794408;0
AGRO-гдр;D;150421;000000;864;897.6;851;896;615724;0
AGRO-гдр;D;160421;000000;892;913;892;901;255829;0
AGRO-гдр;D;190421;000000;903.8;904;885;886;216924;0
AGRO-гдр;D;200421;000000;886.4;898;885;889.8;162904;0
AGRO-гдр;D;210421;000000;889.8;896;888.6;894;80920;0
AGRO-гдр;D;220421;000000;895;900;878;892.6;148997;0
AGRO-гдр;D;230421;000000;893;897.2;890;893.4;155791;0
AGRO-гдр;D;260421;000000;894;909;894;898.2;249357;0
AGRO-гдр;D;270421;000000;898;906.4;895.2;897.4;125417;0
AGRO-гдр;D;280421;000000;897;905.4;897;897;236494;0
AGRO-гдр;D;290421;000000;904;904.2;888.8;890.2;116427;0
AGRO-гдр;D;300421;000000;890.2;900;884.2;896;117089;0
AGRO-гдр;D;040521;000000;900;900;890.8;894.6;87934;0
AGRO-гдр;D;050521;000000;895;914;893.6;909.6;274869;0
AGRO-гдр;D;060521;000000;910.8;922;909.2;914.8;109539;0
AGRO-гдр;D;070521;000000;915;920.8;910.8;915;124559;0
AGRO-гдр;D;100521;000000;915;920;909;912.8;96668;0
AGRO-гдр;D;110521;000000;912.8;920;912.8;918.4;115297;0
AGRO-гдр;D;120521;000000;919.8;924.4;915;919.4;72484;0
AGRO-гдр;D;130521;000000;919;919;903.8;915;114153;0
AGRO-гдр;D;140521;000000;920;920;908.6;920;95207;0
AGRO-гдр;D;170521;000000;930;935;920.2;932;234568;0
AGRO-гдр;D;180521;000000;933;946.2;933;946;187678;0
AGRO-гдр;D;190521;000000;945;947.8;891;925;487634;0
AGRO-гдр;D;200521;000000;926;935;923;931;113990;0
AGRO-гдр;D;210521;000000;930;933;908.2;921.8;150624;0
AGRO-гдр;D;240521;000000;921.8;925.6;915.2;916.8;66690;0
AGRO-гдр;D;250521;000000;916.8;925.4;916.8;920.4;111456;0
AGRO-гдр;D;260521;000000;920.4;933.6;920.4;933;104975;0
AGRO-гдр;D;270521;000000;935.4;940.4;928.4;940.4;101550;0
AGRO-гдр;D;280521;000000;940;945;935;938.6;112021;0
AGRO-гдр;D;310521;000000;947;947;935.8;938.6;47431;0
AGRO-гдр;D;010621;000000;940;944;933;939.4;137059;0
AGRO-гдр;D;020621;000000;939.4;949;938.6;949;116229;0
AGRO-гдр;D;030621;000000;950;953.2;940.4;945;78750;0
AGRO-гдр;D;040621;000000;945;948;940.2;945.8;82820;0
AGRO-гдр;D;070621;000000;946;964.6;946;960.4;142846;0
AGRO-гдр;D;080621;000000;963;994;963;980;201549;0
AGRO-гдр;D;090621;000000;981;1000.4;981;992.4;223607;0
AGRO-гдр;D;100621;000000;992.6;1005.8;966.6;973.8;295468;0
AGRO-гдр;D;110621;000000;977;994.8;976.8;992;105756;0
AGRO-гдр;D;140621;000000;996;1032;992.2;1023;174472;0
AGRO-гдр;D;150621;000000;1030;1033.8;996;1008;274136;0
AGRO-гдр;D;160621;000000;1010;1025.2;1007.2;1016;127777;0
AGRO-гдр;D;170621;000000;1017;1017.8;990.4;999;213646;0
AGRO-гдр;D;180621;000000;999;1002.8;975;985.8;130631;0
AGRO-гдр;D;210621;000000;985.8;992.6;976;988.6;129929;0
AGRO-гдр;D;220621;000000;988.6;1008.8;988.6;999.2;89677;0
AGRO-гдр;D;230621;000000;1000;1014.8;997.2;1012.6;103637;0
AGRO-гдр;D;240621;000000;1013;1013.6;980.2;987.2;116279;0
AGRO-гдр;D;250621;000000;987.2;993.8;978;989;51149;0
AKNX ETF;D;010321;000000;1440;1440;1413;1425.6;515;0
AKNX ETF;D;020321;000000;1425;1483.4;1422;1430.8;652;0
AKNX ETF;D;030321;000000;1420.6;1420.8;1388.8;1392.8;971;0
AKNX ETF;D;040321;000000;1380;1380.2;1350;1357.8;928;0
AKNX ETF;D;050321;000000;1315;1368;1315;1338.8;647;0
AKNX ETF;D;090321;000000;1377.8;1377.8;1327.2;1376.6;2843;0
AKNX ETF;D;100321;000000;1356;1405;1356;1388.6;456;0
AKNX ETF;D;110321;000000;1390.4;1401.2;1389.2;1393.8;1887;0
AKNX ETF;D;120321;000000;1430;1430;1380;1380.6;241;0
AKNX ETF;D;150321;000000;1387.8;1391.8;1380;1386.2;270;0
AKNX ETF;D;160321;000000;1399.2;1413.8;1395;1411;571;0
AKNX ETF;D;170321;000000;1429.4;1429.4;1401.2;1405;901;0
AKNX ETF;D;180321;000000;1425;1425;1384;1411.2;418;0
AKNX ETF;D;190321;000000;1414.8;1414.8;1382;1389.2;204;0
AKNX ETF;D;220321;000000;1429.2;1429.2;1405.4;1418;436;0
AKNX ETF;D;230321;000000;1458.4;1466.4;1431.8;1462.8;2135;0
AKNX ETF;D;240321;000000;1451.2;1458.6;1442.2;1457;428;0
AKNX ETF;D;250321;000000;1443.6;1443.6;1413.2;1415;451;0
AKNX ETF;D;260321;000000;1449.8;1449.8;1410.4;1418;280;0
AKNX ETF;D;290321;000000;1405.4;1454;1405.4;1426;1627;0
AKNX ETF;D;300321;000000;1426;1433.2;1422.2;1433.2;467;0
AKNX ETF;D;310321;000000;1428.2;1449.6;1422.2;1449.4;1045;0
AKNX ETF;D;010421;000000;1464.4;1485.6;1457.8;1477;1946;0
AKNX ETF;D;020421;000000;1499.6;1530;1477.6;1486;524;0
AKNX ETF;D;050421;000000;1465.4;1511.2;1465.2;1508;1315;0
AKNX ETF;D;060421;000000;1515.8;1537.4;1507.4;1537;1333;0
AKNX ETF;D;070421;000000;1569.6;1569.6;1529.2;1534.8;860;0
AKNX ETF;D;080421;000000;1520.2;1553;1520.2;1539.6;368;0
AKNX ETF;D;090421;000000;1546.2;1559.8;1545.2;1551.6;688;0
AKNX ETF;D;120421;000000;1563.6;1572.8;1553.2;1566.2;906;0
AKNX ETF;D;130421;000000;1564.2;1570;1553;1553;1104;0
AKNX ETF;D;140421;000000;1553;1555.8;1521;1530.8;243;0
AKNX ETF;D;150421;000000;1638.8;1638.8;1550.6;1559.6;1820;0
AKNX ETF;D;160421;000000;1559.6;1649.8;1541.8;1552.8;430;0
AKNX ETF;D;190421;000000;1561;1572.6;1550.4;1555.2;332;0
AKNX ETF;D;200421;000000;1571.8;1571.8;1539;1549.2;815;0
AKNX ETF;D;210421;000000;1551.6;1552.2;1540.6;1548.4;237;0
AKNX ETF;D;220421;000000;1550.8;1562.4;1539;1540;490;0
AKNX ETF;D;230421;000000;1512.4;1523;1505;1523;279;0
AKNX ETF;D;260421;000000;1518.8;1532.2;1517.8;1532.2;225;0
AKNX ETF;D;270421;000000;1541.6;1541.6;1524.4;1528;442;0
AKNX ETF;D;280421;000000;1527.2;1528.6;1519.2;1519.2;418;0
AKNX ETF;D;290421;000000;1530;1532;1518;1518;896;0
AKNX ETF;D;300421;000000;1524.4;1532.2;1520.6;1525.8;314;0
AKNX ETF;D;040521;000000;1517.8;1517.8;1474;1474;1531;0
AKNX ETF;D;050521;000000;1465.2;1499;1465.2;1491.6;266;0
AKNX ETF;D;060521;000000;1580;1580;1463.6;1463.6;471;0
AKNX ETF;D;070521;000000;1460.2;1499.8;1460.2;1482;1103;0
AKNX ETF;D;100521;000000;1480.2;1480.2;1465;1465.4;313;0
AKNX ETF;D;110521;000000;1499.6;1499.6;1423;1444;912;0
AKNX ETF;D;120521;000000;1481;1481;1423.2;1426.8;628;0
AKNX ETF;D;130521;000000;1422.2;1432.2;1412;1422.2;392;0
AKNX ETF;D;140521;000000;1429.6;1446.4;1428;1444.4;1051;0
AKNX ETF;D;170521;000000;1594.6;1594.6;1437;1437.8;707;0
AKNX ETF;D;180521;000000;1447.6;1449.8;1438.2;1441.4;168;0
AKNX ETF;D;190521;000000;1400.2;1419;1400.2;1418.8;453;0
AKNX ETF;D;200521;000000;1422.6;1480.8;1418.6;1450;159;0
AKNX ETF;D;210521;000000;1456.2;1459.2;1450;1450;864;0
AKNX ETF;D;240521;000000;1430.2;1471;1430.2;1468.6;97;0
AKNX ETF;D;250521;000000;1474.8;1477.8;1466.4;1466.6;691;0
AKNX ETF;D;260521;000000;1510;1522;1397.4;1478;884;0
AKNX ETF;D;270521;000000;1474.8;1474.8;1468.8;1473;185;0
AKNX ETF;D;280521;000000;1509.8;1509.8;1473.2;1473.4;1472;0
AKNX ETF;D;310521;000000;1473.4;1475.6;1468.8;1470.4;95;0
AKNX ETF;D;010621;000000;1471.6;1486.4;1470;1470;583;0
AKNX ETF;D;020621;000000;1473.6;1475.8;1468.6;1469.6;375;0
AKNX ETF;D;030621;000000;1499.8;1499.8;1450;1459.8;313;0
AKNX ETF;D;040621;000000;1433;1470;1433;1470;302;0
AKNX ETF;D;070621;000000;1460.2;1472.8;1460.2;1467.4;730;0
AKNX ETF;D;080621;000000;1467.4;1478;1466;1466;295;0
AKNX ETF;D;090621;000000;1462.4;1471;1462;1470.6;401;0
AKNX ETF;D;100621;000000;1461.6;1470.6;1455.4;1461.4;143;0
AKNX ETF;D;110621;000000;1468;1475.4;1465.4;1473.8;99;0
AKNX ETF;D;140621;000000;1486.6;1486.8;1481.6;1483;141;0
AKNX ETF;D;150621;000000;1494;1495;1488.8;1490.4;452;0
AKNX ETF;D;160621;000000;1484.8;1485;1481.6;1484.6;233;0
AKNX ETF;D;170621;000000;1480.8;1499.2;1477.6;1499.2;554;0
AKNX ETF;D;180621;000000;1506.6;1506.6;1492.8;1500;226;0
AKNX ETF;D;210621;000000;1508;1517.2;1501.2;1511.8;935;0
AKNX ETF;D;220621;000000;1515;1522;1509.6;1522;179;0
AKNX ETF;D;230621;000000;1507;1521.6;1507;1518.4;279;0
AKNX ETF;D;240621;000000;1520;1527.6;1515;1525.4;451;0
AKNX ETF;D;250621;000000;1518;1523;1518;1518;218;0
AMCC ETF;D;300421;000000;97.9;98.8;97.5;98.4;736;0
AMCC ETF;D;040521;000000;96.5;96.5;93.1;93.3;1306;0
AMCC ETF;D;050521;000000;94.5;94.9;94;94.5;955;0
AMCC ETF;D;060521;000000;93.9;93.9;91.7;92.3;1402;0
AMCC ETF;D;070521;000000;92.4;93.8;91.9;93.3;419;0
AMCC ETF;D;100521;000000;92.7;92.9;91.4;92.1;1192;0
AMCC ETF;D;110521;000000;90.7;90.7;89.5;90.3;9606;0
AMCC ETF;D;120521;000000;91.1;91.1;89.6;89.6;7733;0
AMCC ETF;D;130521;000000;89.1;89.9;88.6;88.7;1413;0
AMCC ETF;D;140521;000000;89;90.3;88.7;90.3;288;0
AMCC ETF;D;170521;000000;90.4;90.7;90.2;90.3;710;0
AMCC ETF;D;180521;000000;90.7;91.5;90.2;91.4;1592;0
AMCC ETF;D;190521;000000;89.8;89.8;88.7;89.6;935;0
AMCC ETF;D;200521;000000;89.6;91.5;89.2;91.5;574;0
AMCC ETF;D;210521;000000;92;92.1;91.3;91.8;152;0
AMCC ETF;D;240521;000000;91.8;93.1;91.4;92.9;696;0
AMCC ETF;D;250521;000000;92.7;93.2;92.5;92.8;465;0
AMCC ETF;D;260521;000000;92.9;94;92.4;93.7;832;0
AMCC ETF;D;270521;000000;93.6;93.6;92.8;93.5;263;0
AMCC ETF;D;280521;000000;94;94.2;93.4;93.4;409;0
AMCC ETF;D;310521;000000;93.5;93.6;92.8;93.4;322;0
AMCC ETF;D;010621;000000;92.9;94.2;92.7;93;336;0
AMCC ETF;D;020621;000000;93.9;93.9;93.1;93.6;413;0
AMCC ETF;D;030621;000000;93.7;93.8;92.2;92.6;3014;0
AMCC ETF;D;040621;000000;92.8;93.9;92.3;93.9;296;0
AMCC ETF;D;070621;000000;93.8;94.6;93.1;94.3;356;0
AMCC ETF;D;080621;000000;94.5;95;94;94.2;1714;0
AMCC ETF;D;090621;000000;94.3;95;94.3;94.8;325;0
AMCC ETF;D;100621;000000;94.7;94.7;93.6;93.6;13625;0
AMCC ETF;D;110621;000000;95;95.5;94.6;95.3;499;0
AMCC ETF;D;140621;000000;96.1;96.5;95.8;96.4;801;0
AMCC ETF;D;150621;000000;96.5;97;96;96.8;2535;0
AMCC ETF;D;160621;000000;96.1;96.1;95.6;95.7;593;0
AMCC ETF;D;170621;000000;95.9;97.8;95.8;97.8;356;0
AMCC ETF;D;180621;000000;97.5;97.7;97;97.7;358;0
AMCC ETF;D;210621;000000;98.6;99.2;98;99.1;4400;0
AMCC ETF;D;220621;000000;98.9;99.3;98.7;99.2;1760;0
AMCC ETF;D;230621;000000;99;99.1;98.5;98.8;994;0
AMCC ETF;D;240621;000000;98.8;99.4;98.6;99.4;206;0
AMCC ETF;D;250621;000000;98.4;99;98.2;98.4;857;0
AMDG ETF;D;300421;000000;100.1;100.4;99.9;99.9;147;0
AMDG ETF;D;040521;000000;100.6;101.1;99.8;100.5;215;0
AMDG ETF;D;050521;000000;100.6;101.2;100.5;100.7;293;0
AMDG ETF;D;060521;000000;100.2;100.8;100.1;100.5;144;0
AMDG ETF;D;070521;000000;100.1;100.9;100.1;100.7;196;0
AMDG ETF;D;100521;000000;101;102;100.2;101.3;571;0
AMDG ETF;D;110521;000000;100.7;100.7;99.4;99.4;435;0
AMDG ETF;D;120521;000000;99.9;99.9;99.2;99.3;1281;0
AMDG ETF;D;130521;000000;97.6;99.3;97.6;98.6;106;0
AMDG ETF;D;140521;000000;99.4;100.1;99.4;99.9;231;0
AMDG ETF;D;170521;000000;100.1;100.3;99.5;99.5;494;0
AMDG ETF;D;180521;000000;99.5;100;99.5;99.5;1015;0
AMDG ETF;D;190521;000000;98.2;98.3;97.5;97.8;117;0
AMDG ETF;D;200521;000000;98.5;98.6;97.9;98.3;144;0
AMDG ETF;D;210521;000000;99.2;99.5;99.1;99.4;129;0
AMDG ETF;D;240521;000000;99.3;100;99.2;99.6;352;0
AMDG ETF;D;250521;000000;99.7;99.9;99.1;99.5;141;0
AMDG ETF;D;260521;000000;99.8;100;99.2;99.4;12101;0
AMDG ETF;D;270521;000000;99.3;99.9;98.8;99.8;423;0
AMDG ETF;D;280521;000000;100.2;100.3;99.6;99.6;62;0
AMDG ETF;D;310521;000000;99.8;99.8;99.4;99.5;1622;0
AMDG ETF;D;010621;000000;99.6;100.5;99.3;99.3;422;0
AMDG ETF;D;020621;000000;99.4;99.6;99;99.1;67;0
AMDG ETF;D;030621;000000;98.9;99.3;98.1;99.3;384;0
AMDG ETF;D;040621;000000;99.1;99.3;98.8;99;101;0
AMDG ETF;D;070621;000000;98.9;99.3;98.5;98.5;499;0
AMDG ETF;D;080621;000000;98.7;98.7;97.6;97.6;1119;0
AMDG ETF;D;090621;000000;97.6;97.7;97.4;97.4;78;0
AMDG ETF;D;100621;000000;97.4;97.5;96.9;96.9;13337;0
AMDG ETF;D;110621;000000;96.9;97.5;96.5;97;1432;0
AMDG ETF;D;140621;000000;98;98;97.1;97.2;436;0
AMDG ETF;D;150621;000000;97.1;97.5;96.8;97.4;2087;0
AMDG ETF;D;160621;000000;96.8;97.2;96.8;96.8;33;0
AMDG ETF;D;170621;000000;96.5;96.9;96.1;96.3;93;0
AMDG ETF;D;180621;000000;96.2;96.2;95.2;95.8;68;0
AMDG ETF;D;210621;000000;95.9;96.6;95.9;96.5;152;0
AMDG ETF;D;220621;000000;96.7;97.4;96.7;97.4;44;0
AMDG ETF;D;230621;000000;97.1;97.1;96.3;96.4;19;0
AMDG ETF;D;240621;000000;96.4;96.6;96.1;96.1;42;0
AMDG ETF;D;250621;000000;96.6;97;96.2;97;16;0
AMEM ETF;D;300421;000000;100.1;100.4;99.3;99.3;763;0
AMEM ETF;D;040521;000000;99.2;99.3;96.9;97.5;1156;0
AMEM ETF;D;050521;000000;97.6;98.2;97.5;98;284;0
AMEM ETF;D;060521;000000;98.1;98.3;97.5;98.2;130;0
AMEM ETF;D;070521;000000;98.2;99;97.7;98.8;389;0
AMEM ETF;D;100521;000000;98.8;99.1;97.5;98.1;311;0
AMEM ETF;D;110521;000000;96.7;96.9;96;96.2;1532;0
AMEM ETF;D;120521;000000;97;99;93.4;93.8;33497;0
AMEM ETF;D;130521;000000;92.6;95;92;94.6;352;0
AMEM ETF;D;140521;000000;94.5;95.8;94.5;95.8;6067;0
AMEM ETF;D;170521;000000;95.5;95.9;95;95.1;1232;0
AMEM ETF;D;180521;000000;95.9;96.9;95.3;96.5;1611;0
AMEM ETF;D;190521;000000;95.7;96.1;95.3;95.7;242;0
AMEM ETF;D;200521;000000;96.2;96.5;95.4;96.1;59;0
AMEM ETF;D;210521;000000;96.7;97;95.9;95.9;344;0
AMEM ETF;D;240521;000000;95.7;96.7;95.7;96;302;0
AMEM ETF;D;250521;000000;96.2;97.4;96.2;97.3;196;0
AMEM ETF;D;260521;000000;97.7;98;97.2;98;5936;0
AMEM ETF;D;270521;000000;97.6;98.3;97.5;98.2;15540;0
AMEM ETF;D;280521;000000;98.6;98.8;98.4;98.4;205;0
AMEM ETF;D;310521;000000;98.7;98.8;98.1;98.4;2110;0
AMEM ETF;D;010621;000000;98.4;100.7;98.4;100.7;1749;0
AMEM ETF;D;020621;000000;101.1;101.1;100.1;100.1;2736;0
AMEM ETF;D;030621;000000;100.6;100.6;99.2;99.8;9120;0
AMEM ETF;D;040621;000000;99.5;100;99.3;99.8;267;0
AMEM ETF;D;070621;000000;99.8;100;99;99;433;0
AMEM ETF;D;080621;000000;99.6;99.6;98.2;98.3;662;0
AMEM ETF;D;090621;000000;98.1;98.2;97.5;98.2;270;0
AMEM ETF;D;100621;000000;98;98;96.9;96.9;14005;0
AMEM ETF;D;110621;000000;97.3;97.6;97.2;97.6;1112;0
AMEM ETF;D;140621;000000;98.4;98.5;97.9;98.4;501;0
AMEM ETF;D;150621;000000;98.1;98.5;97.6;97.9;4265;0
AMEM ETF;D;160621;000000;97.3;97.7;97;97.4;3930;0
AMEM ETF;D;170621;000000;96.7;97.3;96.1;97.3;1190;0
AMEM ETF;D;180621;000000;97;97;96;96.8;1541;0
AMEM ETF;D;210621;000000;97.3;98.2;97.1;97.1;1241;0
AMEM ETF;D;220621;000000;98;98;97.1;97.2;3967;0
AMEM ETF;D;230621;000000;97;98;96.6;98;191;0
AMEM ETF;D;240621;000000;97.2;97.8;97.1;97.8;251;0
AMEM ETF;D;250621;000000;97.9;98.1;97.6;98;46;0
AMGF ETF;D;300421;000000;98.7;99.4;98.6;99;109;0
AMGF ETF;D;040521;000000;98.1;98.5;96.4;96.4;86;0
AMGF ETF;D;050521;000000;96.4;97.3;96.4;96.9;574;0
AMGF ETF;D;060521;000000;96.3;96.3;94.8;95.3;418;0
AMGF ETF;D;070521;000000;96.1;96.9;95.5;96.4;664;0
AMGF ETF;D;100521;000000;95.7;96.2;95;95.1;578252;0
AMGF ETF;D;110521;000000;93.5;93.5;92.6;93.4;970;0
AMGF ETF;D;120521;000000;93.9;94.1;93;93.2;134;0
AMGF ETF;D;130521;000000;91.9;92.8;91.5;92.8;1224;0
AMGF ETF;D;140521;000000;93.3;93.7;93;93.7;211;0
AMGF ETF;D;170521;000000;94.1;94.2;93.5;93.5;87;0
AMGF ETF;D;180521;000000;93.9;94.3;93.5;94;497;0
AMGF ETF;D;190521;000000;91.7;92;91.4;91.4;60;0
AMGF ETF;D;200521;000000;92.7;93.3;92.4;93.3;154;0
AMGF ETF;D;210521;000000;94.7;94.7;94.1;94.2;258;0
AMGF ETF;D;240521;000000;93.9;95;93.9;95;287;0
AMGF ETF;D;250521;000000;95.7;95.7;95;95.1;133;0
AMGF ETF;D;260521;000000;95.5;95.5;95.1;95.5;73;0
AMGF ETF;D;270521;000000;95.1;95.1;94.8;94.8;465;0
AMGF ETF;D;280521;000000;95.3;95.5;95.1;95.2;33;0
AMGF ETF;D;310521;000000;95.2;95.3;94.6;95.2;237;0
AMGF ETF;D;010621;000000;95;95.8;94.5;94.5;83;0
AMGF ETF;D;020621;000000;94.8;95;94.6;95;1197;0
AMGF ETF;D;030621;000000;94.8;94.8;93.5;94;91;0
AMGF ETF;D;040621;000000;93.9;94.2;93.7;94.2;38;0
AMGF ETF;D;070621;000000;94.7;94.7;94.4;94.6;355;0
AMGF ETF;D;080621;000000;95;95.2;94.4;94.4;223;0
AMGF ETF;D;090621;000000;94.5;94.5;94.2;94.2;7;0
AMGF ETF;D;100621;000000;94.4;94.4;94;94;106;0
AMGF ETF;D;110621;000000;94.5;95;94.3;95;384;0
AMGF ETF;D;140621;000000;95.9;95.9;95.6;95.6;164;0
AMGF ETF;D;150621;000000;95.8;96;95.5;95.5;2728;0
AMGF ETF;D;160621;000000;95.3;95.4;95.3;95.4;141;0
AMGF ETF;D;170621;000000;95.4;96.7;95;96.7;564;0
AMGF ETF;D;180621;000000;96.3;96.3;96.3;96.3;2;0
AMGF ETF;D;210621;000000;96.8;97.6;96.8;97.1;247;0
AMGF ETF;D;220621;000000;97.9;98.4;97.7;98.4;445;0
AMGF ETF;D;230621;000000;98.6;98.6;97.8;98;89;0
AMGF ETF;D;240621;000000;98.2;98.2;98.2;98.2;48;0
AMGF ETF;D;250621;000000;97.7;98.2;97.7;98.2;68;0
AMGM ETF;D;300421;000000;99.8;99.8;99.3;99.3;65;0
AMGM ETF;D;040521;000000;102.7;103.7;101.4;101.6;1097;0
AMGM ETF;D;050521;000000;100.9;101.3;100.5;101.2;399;0
AMGM ETF;D;060521;000000;101.7;105.2;101.6;105.2;918;0
AMGM ETF;D;070521;000000;104.5;105.3;103.9;104.9;3766;0
AMGM ETF;D;100521;000000;105.9;107.7;105.5;107.5;1333;0
AMGM ETF;D;110521;000000;106;106.1;104.7;105.3;950;0
AMGM ETF;D;120521;000000;106.5;107.2;105.9;105.9;50628;0
AMGM ETF;D;130521;000000;105;105;103.3;104.2;1935;0
AMGM ETF;D;140521;000000;104.9;106;104.5;106;692;0
AMGM ETF;D;170521;000000;107.4;110.6;106.8;110.6;606;0
AMGM ETF;D;180521;000000;111.4;111.5;109.6;109.8;4054;0
AMGM ETF;D;190521;000000;110.9;112.1;109.9;111.1;3209;0
AMGM ETF;D;200521;000000;109.7;110.4;108.9;110.4;99;0
AMGM ETF;D;210521;000000;110.2;112.3;109.7;111.9;3514;0
AMGM ETF;D;240521;000000;112.5;112.7;109.8;109.8;2237;0
AMGM ETF;D;250521;000000;109.7;110.3;108.8;110.1;999;0
AMGM ETF;D;260521;000000;110.9;111.4;110.6;110.6;973;0
AMGM ETF;D;270521;000000;110.3;110.5;109.3;109.8;860;0
AMGM ETF;D;280521;000000;109.5;109.9;109.1;109.5;716;0
AMGM ETF;D;310521;000000;110.3;110.5;109.8;110.2;1094;0
AMGM ETF;D;010621;000000;110.2;111.3;109.7;110.2;1587;0
AMGM ETF;D;020621;000000;110.7;110.8;110;110;1558;0
AMGM ETF;D;030621;000000;109.7;109.8;106.3;106.5;1429;0
AMGM ETF;D;040621;000000;106.6;108.2;106.6;107.9;1063;0
AMGM ETF;D;070621;000000;106.9;107.5;106.7;107.4;1137;0
AMGM ETF;D;080621;000000;107.4;107.5;106;106;647;0
AMGM ETF;D;090621;000000;105.2;106.2;105;105.6;367;0
AMGM ETF;D;100621;000000;104.5;105.4;104.2;105.1;11241;0
AMGM ETF;D;110621;000000;106.7;106.8;105.2;105.2;3372;0
AMGM ETF;D;140621;000000;104.4;105.2;103.5;105.1;1643;0
AMGM ETF;D;150621;000000;104.2;104.7;103.7;104.4;2697;0
AMGM ETF;D;160621;000000;103.7;103.7;102.9;103.3;637;0
AMGM ETF;D;170621;000000;101.1;119.3;97;97.2;5804;0
AMGM ETF;D;180621;000000;98;98.1;96.5;96.9;9587;0
AMGM ETF;D;210621;000000;97;98.1;96.9;98;2508;0
AMGM ETF;D;220621;000000;97.9;98.1;97.4;97.4;1420;0
AMGM ETF;D;230621;000000;97;98.1;96.7;97.5;5309;0
AMGM ETF;D;240621;000000;95.7;96.6;95.6;95.7;2664;0
AMGM ETF;D;250621;000000;96.1;96.4;96;96;4871;0
AMGR ETF;D;300421;000000;97;98;96.6;97.6;1886;0
AMGR ETF;D;040521;000000;94.5;94.6;90;90.3;1313;0
AMGR ETF;D;050521;000000;91.1;91.6;90.4;91.6;667;0
AMGR ETF;D;060521;000000;89.5;89.6;85.3;86;2021;0
AMGR ETF;D;070521;000000;85.6;89;85.5;88.2;1216;0
AMGR ETF;D;100521;000000;86.7;86.9;83.3;83.7;3608;0
AMGR ETF;D;110521;000000;81.9;82.1;79.2;80.9;5349;0
AMGR ETF;D;120521;000000;82.5;82.6;81;81.6;1623;0
AMGR ETF;D;130521;000000;80.8;81.9;79.4;79.4;3443;0
AMGR ETF;D;140521;000000;80.3;82.4;79.8;82.4;1471;0
AMGR ETF;D;170521;000000;82.4;82.5;81.8;82.2;4366;0
AMGR ETF;D;180521;000000;82.9;85.4;81.8;84.9;7155;0
AMGR ETF;D;190521;000000;82.9;83;80.5;81.8;1408;0
AMGR ETF;D;200521;000000;81.9;84.6;81.2;84.5;980;0
AMGR ETF;D;210521;000000;84;85.9;84;84.6;931;0
AMGR ETF;D;240521;000000;83.7;85.4;83.7;84.9;1883;0
AMGR ETF;D;250521;000000;84.5;85.4;84.1;84.1;273;0
AMGR ETF;D;260521;000000;84.9;85.9;84.7;85.4;914;0
AMGR ETF;D;270521;000000;85.7;86.3;85.3;85.3;272;0
AMGR ETF;D;280521;000000;87.1;89.1;87;88.2;788;0
AMGR ETF;D;310521;000000;87.4;87.5;86.7;87.3;2257;0
AMGR ETF;D;010621;000000;87.4;87.9;85.4;86.1;618;0
AMGR ETF;D;020621;000000;87.2;87.2;86;86.5;452;0
AMGR ETF;D;030621;000000;85.8;86.4;83.6;84.7;826;0
AMGR ETF;D;040621;000000;84.3;85.2;84;85.2;1499;0
AMGR ETF;D;070621;000000;84.6;85;84.3;85;2048;0
AMGR ETF;D;080621;000000;88;88.5;86.7;86.7;1728;0
AMGR ETF;D;090621;000000;88.5;89.8;87.9;89.3;1330;0
AMGR ETF;D;100621;000000;88.9;89.9;88.7;89.9;34043;0
AMGR ETF;D;110621;000000;90.7;91.3;90.2;90.6;16993;0
AMGR ETF;D;140621;000000;90.9;91.9;90.8;91.2;5106;0
AMGR ETF;D;150621;000000;91.7;91.9;89.4;89.6;3805;0
AMGR ETF;D;160621;000000;89.3;89.8;88.7;88.7;203;0
AMGR ETF;D;170621;000000;89.4;92;88.8;92;150;0
AMGR ETF;D;180621;000000;91.7;91.7;90.6;91.4;2208;0
AMGR ETF;D;210621;000000;92.1;92.9;91.1;92.9;5089;0
AMGR ETF;D;220621;000000;92.5;93.1;91.6;92.3;214;0
AMGR ETF;D;230621;000000;92.3;92.9;91.9;92.6;3812;0
AMGR ETF;D;240621;000000;92.9;94.4;92.9;94.4;7511;0
AMGR ETF;D;250621;000000;93.9;94.2;93.2;93.5;987;0
AMHC ETF;D;300421;000000;101.2;101.7;100.9;101.2;54;0
AMHC ETF;D;040521;000000;102.5;102.6;101.3;101.7;259;0
AMHC ETF;D;050521;000000;101.7;102.3;101.5;102;389;0
AMHC ETF;D;060521;000000;101.5;101.9;100.2;100.2;834;0
AMHC ETF;D;070521;000000;100.3;101.9;100.3;101.3;363;0
AMHC ETF;D;100521;000000;100.6;102.1;100.6;101.9;3173;0
AMHC ETF;D;110521;000000;100.9;101.2;99.8;100.7;558;0
AMHC ETF;D;120521;000000;100;100.7;99.8;100.7;250;0
AMHC ETF;D;130521;000000;99.7;100.3;99;100.3;1031;0
AMHC ETF;D;140521;000000;100.8;101.1;100.1;100.9;1372;0
AMHC ETF;D;170521;000000;100.4;101;100.3;100.6;22429;0
AMHC ETF;D;180521;000000;100.1;100.8;100;100.2;527;0
AMHC ETF;D;190521;000000;99.6;99.6;99;99;140;0
AMHC ETF;D;200521;000000;99.6;100.1;99;100.1;41;0
AMHC ETF;D;210521;000000;100.7;101.8;100.7;101.8;124;0
AMHC ETF;D;240521;000000;101.5;101.9;100.9;101.5;679;0
AMHC ETF;D;250521;000000;100.7;101.3;100.5;100.6;203;0
AMHC ETF;D;260521;000000;100.5;101.4;99.8;100.5;142;0
AMHC ETF;D;270521;000000;100.3;100.5;99.9;100.3;73;0
AMHC ETF;D;280521;000000;100.8;100.9;100.6;100.8;164;0
AMHC ETF;D;310521;000000;100.6;100.7;100;100.4;359;0
AMHC ETF;D;010621;000000;100;101.5;99;99.3;448;0
AMHC ETF;D;020621;000000;99.4;99.4;98.7;98.7;850;0
AMHC ETF;D;030621;000000;98.5;98.7;97.6;98.7;2947;0
AMHC ETF;D;040621;000000;99;99.2;98.5;99.2;323;0
AMHC ETF;D;070621;000000;98.7;99.8;98.1;99.8;2132;0
AMHC ETF;D;080621;000000;98.9;99.2;97.5;97.5;1252;0
AMHC ETF;D;090621;000000;97.5;99;97.5;99;93;0
AMHC ETF;D;100621;000000;98.9;99.6;98.6;99.5;22590;0
AMHC ETF;D;110621;000000;99.5;99.9;99.3;99.4;3408;0
AMHC ETF;D;140621;000000;100;100.2;99.7;99.7;208;0
AMHC ETF;D;150621;000000;99.6;99.9;99.2;99.6;3249;0
AMHC ETF;D;160621;000000;99.8;100;99.1;100;212;0
AMHC ETF;D;170621;000000;99.4;99.5;99;99.4;176;0
AMHC ETF;D;180621;000000;100;100;99;100;861;0
AMHC ETF;D;210621;000000;100.3;101.2;100.3;101.2;269;0
AMHC ETF;D;220621;000000;101.7;101.9;101;101.4;949;0
AMHC ETF;D;230621;000000;101.2;101.4;100.7;100.8;169;0
AMHC ETF;D;240621;000000;100.7;101.2;100.3;100.8;292;0
AMHC ETF;D;250621;000000;100.7;101;100.4;100.9;49;0
AMHY ETF;D;300421;000000;99.7;100.1;99.6;100.1;94;0
AMHY ETF;D;040521;000000;100.1;100.1;99.1;99.6;327;0
AMHY ETF;D;050521;000000;99.9;100;99.8;99.9;693;0
AMHY ETF;D;060521;000000;100.1;100.1;99.3;99.3;38;0
AMHY ETF;D;070521;000000;99.3;99.5;98.8;98.9;128;0
AMHY ETF;D;100521;000000;98.7;99.2;98.5;99.2;56;0
AMHY ETF;D;110521;000000;98.3;98.3;97.9;97.9;107;0
AMHY ETF;D;120521;000000;98.7;99.1;98.1;99.1;145;0
AMHY ETF;D;130521;000000;98.7;98.7;98.2;98.4;54;0
AMHY ETF;D;140521;000000;99.1;99.2;98.7;98.8;231;0
AMHY ETF;D;170521;000000;98.6;98.8;98.2;98.8;78;0
AMHY ETF;D;180521;000000;98.3;98.7;98;98.5;414;0
AMHY ETF;D;190521;000000;97.2;98;97;98;809;0
AMHY ETF;D;200521;000000;97.7;97.7;97.2;97.7;255;0
AMHY ETF;D;210521;000000;97.9;98.4;97.9;98.1;37363;0
AMHY ETF;D;240521;000000;98.7;98.9;98.3;98.3;37;0
AMHY ETF;D;250521;000000;98.5;98.6;98.1;98.3;150;0
AMHY ETF;D;260521;000000;98.2;98.8;98;98.4;225;0
AMHY ETF;D;270521;000000;98.1;98.3;98.1;98.3;4;0
AMHY ETF;D;280521;000000;98.5;98.5;98;98;27;0
AMHY ETF;D;310521;000000;97.6;98.2;97.6;98;3052;0
AMHY ETF;D;010621;000000;98;98.9;97.7;98.1;683;0
AMHY ETF;D;020621;000000;98.2;98.4;97.7;98;71;0
AMHY ETF;D;030621;000000;98.2;98.2;97.5;97.7;141;0
AMHY ETF;D;040621;000000;98.1;98.3;97.7;97.7;46;0
AMHY ETF;D;070621;000000;97.6;97.9;97.6;97.9;2;0
AMHY ETF;D;080621;000000;97.7;97.7;97.4;97.4;249;0
AMHY ETF;D;090621;000000;96.9;97.1;96.7;97;120;0
AMHY ETF;D;100621;000000;96.8;97.2;96;96.5;13612;0
AMHY ETF;D;110621;000000;95.9;96.9;95.9;96.9;21;0
AMHY ETF;D;140621;000000;97.2;97.3;96.8;96.9;130;0
AMHY ETF;D;150621;000000;96.7;97.2;96.4;97.1;2392;0
AMHY ETF;D;160621;000000;96.8;96.8;96.7;96.7;15;0
AMHY ETF;D;170621;000000;96.9;97.1;96.5;96.6;60;0
AMHY ETF;D;180621;000000;96.8;97.2;95.9;97.2;1750;0
AMHY ETF;D;210621;000000;98.2;98.2;98.1;98.1;2;0
AMHY ETF;D;220621;000000;98;98;98;98;1;0
AMHY ETF;D;230621;000000;97.3;97.5;97.3;97.5;112;0
AMHY ETF;D;240621;000000;97.6;97.6;97;97;15;0
AMIG ETF;D;300421;000000;99.2;99.8;99.2;99.8;19724;0
AMIG ETF;D;040521;000000;100;100.2;99.6;99.6;48;0
AMIG ETF;D;050521;000000;99.3;99.8;99.3;99.8;108;0
AMIG ETF;D;060521;000000;99.6;99.8;99.3;99.3;15;0
AMIG ETF;D;070521;000000;99.3;99.3;98.4;98.4;44;0
AMIG ETF;D;100521;000000;98.5;99.1;98.1;99.1;297;0
AMIG ETF;D;110521;000000;98.2;98.2;98;98;103;0
AMIG ETF;D;120521;000000;98;98.6;98;98.3;79;0
AMIG ETF;D;130521;000000;97.9;98.1;97.5;97.9;205;0
AMIG ETF;D;140521;000000;98;98.4;97.7;98.3;1033;0
AMIG ETF;D;170521;000000;98.2;99.4;98;98.7;140;0
AMIG ETF;D;180521;000000;97.5;98.1;97.4;98.1;1309;0
AMIG ETF;D;190521;000000;97.6;97.6;97.2;97.2;101;0
AMIG ETF;D;200521;000000;97.1;98;97.1;98;38;0
AMIG ETF;D;210521;000000;98;98.1;97.5;98.1;179;0
AMIG ETF;D;240521;000000;98.2;98.7;98.1;98.4;40;0
AMIG ETF;D;250521;000000;98;98.5;98;98.4;162;0
AMIG ETF;D;260521;000000;98.7;98.8;98.5;98.7;61;0
AMIG ETF;D;270521;000000;98.4;98.6;98.1;98.1;14;0
AMIG ETF;D;280521;000000;98;98.5;98;98.3;288;0
AMIG ETF;D;310521;000000;98.2;98.4;98.1;98.4;52;0
AMIG ETF;D;010621;000000;98.3;98.4;97.7;98;88;0
AMIG ETF;D;020621;000000;98.4;98.4;98;98;62;0
AMIG ETF;D;030621;000000;98.4;98.4;97.6;97.6;833;0
AMIG ETF;D;040621;000000;97.8;97.8;97.4;97.8;28;0
AMIG ETF;D;070621;000000;97.8;98.1;97.3;97.9;1980;0
AMIG ETF;D;080621;000000;97.9;97.9;97.5;97.7;13;0
AMIG ETF;D;090621;000000;97.3;97.3;97.3;97.3;514;0
AMIG ETF;D;100621;000000;97.3;97.7;96.5;97.1;110238;0
AMIG ETF;D;110621;000000;97.4;97.6;97;97.6;36;0
AMIG ETF;D;140621;000000;98.2;98.2;97.5;97.5;116;0
AMIG ETF;D;150621;000000;96.7;97.7;96.7;97.5;2078;0
AMIG ETF;D;160621;000000;97.7;97.8;97.1;97.1;2354;0
AMIG ETF;D;170621;000000;97.5;98.2;97.5;97.9;19;0
AMIG ETF;D;180621;000000;98.1;98.7;97.9;98.7;1636;0
AMIG ETF;D;210621;000000;100;100;98.7;98.7;19;0
AMIG ETF;D;220621;000000;98.9;99.4;98.9;99.2;60078;0
AMIG ETF;D;230621;000000;98.3;98.6;98.3;98.3;11;0
AMIG ETF;D;240621;000000;98.3;98.4;97.8;98;88;0
AMIG ETF;D;250621;000000;98.2;98.3;97.8;98.1;14;0
